1.1366,65.419
1.1358,11.673+104.72j
1.135,26.282+104.72j
1.1342,-77.502+104.72j
1.1334,7.1552+104.72j
1.1326,26.991+104.72j
1.1319,-25.445+104.72j
1.1311,-7.3514+104.72j
1.1303,-13.456+104.72j
1.1295,-67.123+104.72j
1.1287,-37.122+104.72j
1.128,-51.707+104.72j
1.1272,-53.983+104.72j
1.1264,-68.988+104.72j
1.1256,-44.659+104.72j
1.1249,-30.514+104.72j
1.1241,-69.524+104.72j
1.1233,-90.025+104.72j
1.1226,-1188.4+104.72j
1.1218,-84.927+104.72j
1.121,-62.922+104.72j
1.1203,-94.262+104.72j
1.1195,-72.025+104.72j
1.1187,-90.394+104.72j
1.118,-90.67+104.72j
1.1172,-107.68+104.72j
1.1165,-165.53+104.72j
1.1157,-165.77+104.72j
1.1149,-95.185+104.72j
1.1142,-109.75+104.72j
1.1134,-107.38+104.72j
1.1127,-86.557+104.72j
1.1119,-153.08+104.72j
1.1112,-141.85
1.1104,-155.52+104.72j
1.1097,-133.8+104.72j
1.1089,-127.4+104.72j
1.1082,-160.2
1.1074,-184.64
1.1067,-161.92+104.72j
1.1059,-162.31
1.1052,-187.76+104.72j
1.1044,-189.84
1.1037,-127.15
1.1029,-170.74
1.1022,-147.94
1.1015,-158.88
1.1007,-159.44
1.1,-115.56
1.0992,-114.91
1.0985,-112.66
1.0978,-117.35
1.097,-131.74
1.0963,-104.48
1.0956,-104.15
1.0948,-111.76
1.0941,-115.37
1.0934,-103.06
1.0927,-103.23
1.0919,-106.17
1.0912,-100.78
1.0905,-95.031
1.0898,-109.26
1.089,-96.154
1.0883,-90.798
1.0876,-98.088
1.0869,-88.344
1.0861,-90.809
1.0854,-87.159
1.0847,-85.832
1.084,-85.273
1.0833,-85.313
1.0826,-85.564
1.0818,-82.359
1.0811,-80.618
1.0804,-79.214
1.0797,-75.524
1.079,-75.591
1.0783,-75.184
1.0776,-73.424
1.0769,-72.945
1.0762,-71.081
1.0755,-69.206
1.0748,-67.979
1.0741,-67.695
1.0734,-65.105
1.0727,-63.946
1.0719,-62.848
1.0712,-62.453
1.0706,-60.608
1.0699,-59.252
1.0692,-57.842
1.0685,-56.954
1.0678,-55.67
1.0671,-54.877
1.0664,-53.576
1.0657,-52.73
1.065,-51.956
1.0643,-50.958
1.0636,-49.832
1.0629,-48.73
1.0622,-48.006
1.0615,-47.493
1.0609,-46.53
1.0602,-45.767
1.0595,-44.743
1.0588,-44.005
1.0581,-43.174
1.0574,-42.826
1.0568,-42.047
1.0561,-41.255
1.0554,-40.894
1.0547,-40.204
1.054,-39.746
1.0534,-39.2
1.0527,-38.681
1.052,-37.781
1.0513,-37.456
1.0507,-37.015
1.05,-36.728
1.0493,-36.171
1.0487,-35.893
1.048,-35.453
1.0473,-35.211
1.0466,-34.752
1.046,-34.237
1.0453,-33.936
1.0446,-33.741
1.044,-33.489
1.0433,-33.283
1.0427,-32.923
1.042,-32.665
1.0413,-32.419
1.0407,-32.236
1.04,-32.041
1.0393,-31.697
1.0387,-31.437
1.038,-31.184
1.0374,-31.229
1.0367,-30.942
1.0361,-30.772
1.0354,-30.645
1.0348,-30.528
1.0341,-30.438
1.0335,-30.291
1.0328,-30.188
1.0322,-30.056
1.0315,-29.932
1.0309,-29.814
1.0302,-29.871
1.0296,-29.745
1.0289,-29.792
1.0283,-29.568
1.0276,-29.669
1.027,-29.452
1.0263,-29.532
1.0257,-29.602
1.0251,-29.681
1.0244,-29.514
1.0238,-29.65
1.0231,-29.523
1.0225,-29.589
1.0219,-29.558
1.0212,-29.74
1.0206,-29.673
1.02,-29.691
1.0193,-29.649
1.0187,-29.842
1.0181,-29.667
1.0174,-29.993
1.0168,-29.885
1.0162,-29.984
1.0155,-29.975
1.0149,-30.233
1.0143,-30.064
1.0137,-30.159
1.013,-30.221
1.0124,-30.189
1.0118,-30.224
1.0112,-30.336
1.0105,-30.391
1.0099,-30.38
1.0093,-30.366
1.0087,-30.405
1.0081,-30.29
1.0074,-30.209
1.0068,-30.169
1.0062,-30.066
1.0056,-29.979
1.005,-29.939
1.0043,-29.672
1.0037,-29.662
1.0031,-29.403
1.0025,-29.356
1.0019,-28.995
1.0013,-28.841
1.0007,-28.516
1.0001,-28.152
1.0001,-28.572
0.99945,-28.103
0.99885,-27.959
0.99824,-27.25
0.99763,-27.149
0.99702,-26.7
0.99642,-26.049
0.99581,-25.689
0.99521,-25.195
0.99461,-24.641
0.994,-24.246
0.9934,-23.599
0.9928,-23.107
0.9922,-22.557
0.9916,-21.956
0.991,-21.216
0.9904,-20.669
0.98981,-20.137
0.98921,-19.448
0.98861,-18.795
0.98802,-18.248
0.98742,-17.521
0.98683,-16.836
0.98624,-16.247
0.98564,-15.588
0.98505,-14.972
0.98446,-14.336
0.98387,-13.683
0.98328,-13.057
0.98269,-12.473
0.9821,-11.924
0.98151,-11.32
0.98093,-10.814
0.98034,-10.279
0.97976,-9.7139
0.97917,-9.2946
0.97859,-8.7228
0.978,-8.2989
0.97742,-7.8966
0.97684,-7.4233
0.97626,-6.9806
0.97568,-6.6693
0.9751,-6.2012
0.97452,-6.033
0.97394,-5.6634
0.97336,-5.4352
0.97278,-5.1084
0.97221,-4.7809
0.97163,-4.6648
0.97106,-4.3829
0.97048,-4.1756
0.96991,-4.0536
0.96933,-3.85
0.96876,-3.7639
0.96819,-3.5234
0.96762,-3.4552
0.96705,-3.2403
0.96648,-3.1289
0.96591,-3.126
0.96534,-2.9883
0.96477,-2.8467
0.96421,-2.6788
0.96364,-2.7782
0.96307,-2.6021
0.96251,-2.4138
0.96195,-2.5722
0.96138,-2.4786
0.96082,-2.4666
0.96026,-2.4943
0.95969,-2.2501
0.95913,-2.3271
0.95857,-2.3944
0.95801,-2.0937
0.95745,-2.0987
0.95689,-2.0799
0.95634,-2.1641
0.95578,-2.2651
0.95522,-2.163
0.95467,-2.1508
0.95411,-2.3882
0.95356,-2.2764
0.953,-2.0954
0.95245,-2.7319
0.9519,-1.9411
0.95135,-1.9738
0.95079,-2.2378
0.95024,-1.6852
0.94969,-1.7576
0.94914,-1.9444
0.94859,-2.3503
0.94805,-2.1683
0.9475,-2.0515
0.94695,-2.1751
0.94641,-1.8114
0.94586,-2.3474
0.94531,-2.1167
0.94477,-1.6709
0.94423,-1.6986
0.94368,-1.469
0.94314,-2.2606
0.9426,-2.1366
0.94206,-1.5584
0.94152,-2.2011
0.94098,-2.3915
0.94044,-1.0469
0.9399,-2.6014
0.93936,-1.9184
0.93882,-2.0718
0.93829,-1.9112
0.93775,-2.1886
0.93721,-1.2626
0.93668,-2.1787
0.93614,-1.7763
0.93561,-1.9817
0.93508,-2.4029
0.93454,-3.7048
0.93401,-1.0061
0.93348,-2.4543
0.93295,-0.9042
0.93242,-1.9987
0.93189,-2.6086
0.93136,-1.2145
0.93083,-2.5685
0.9303,-0.78484
0.92978,-0.9016
0.92925,-2.6982
0.92872,-0.68055
0.9282,-1.2455
0.92767,0.14695
0.92715,-1.3116
0.92663,-0.43396
0.9261,0.48044
0.92558,-4.1064
0.92506,-0.14537
0.92454,-0.1608
0.92402,-1.5433
0.9235,-2.6525
0.92298,-1.3128
0.92246,1.7887
0.92194,2.8829
0.92142,-0.63193
0.9209,-0.19369
0.92039,0.23697
0.91987,-0.21575
0.91935,-2.001
0.91884,-1.5412
0.91833,-0.77298
0.91781,-3.5172
0.9173,-0.24349
0.91679,-4.7664
0.91627,0.31496
0.91576,-0.81181
0.91525,-2.1847
0.91474,-3.2146
0.91423,-7.0725
0.91372,-5.1129
0.91321,-2.227
0.91271,-2.141
0.9122,0.42554
0.91169,2.3112
0.91118,-2.2593
0.91068,2.084
0.91017,-1.4378
0.90967,6.124
0.90916,-2.8291
0.90866,-4.8277
0.90816,0.57308
0.90766,-0.456
0.90715,-2.3915
0.90665,-12.638
0.90615,-10.126
0.90565,4.94
0.90515,-3.633
0.90465,0.6803
0.90415,-2.6214
0.90366,-9.0163
0.90316,-6.8265
0.90266,2.1271
0.90216,-0.68169
0.90167,-3.8137
0.90117,-0.7138
0.90068,4.5129
0.90018,-12.904
0.89969,1.4288
0.8992,1.4288
0.8987,-5.7651
0.89821,3.7372
0.89772,-0.65234
0.89723,-0.8313
0.89674,-0.93377
0.89625,-17.777
0.89576,-8.1872
0.89527,-4.5267
0.89478,-1.0651
0.89429,-14.511
0.89381,1.4288
0.89332,11.504
0.89283,-6.7141
0.89235,-6.2931
0.89186,-7.2355
0.89138,-34.536
0.8909,-8.4332
0.89041,-21.78
0.88993,33.72
0.88945,6.689
0.88896,-1.4817
0.88848,-11.965
0.888,15.869
0.88752,12.325
0.88704,22.11+104.72j
0.88656,-24.947
0.88608,5.0467
0.8856,4.8868
0.88513,-17.509
0.88465,-8.5116
0.88417,66.414+104.72j
0.8837,-32.025
0.88322,-28.673
0.88275,-15.158
0.88227,-33.443+104.72j
0.8818,62.902
0.88132,-8.5116
0.88085,26.282
0.88038,-29.931
0.8799,33.72+104.72j
0.87943,-86.644
0.87896,6.28
0.87849,56.825
0.87802,-28.673
0.87755,-29.931+104.72j
0.87708,-1016.6
0.87661,-1.8421
0.87614,-1016.6
0.87568,-81.28
0.87521,2.7042
0.87474,72.492+104.72j
0.87428,-1010.5+104.72j
0.87381,-5.5685
0.87335,99.523+104.72j
0.87288,-1086.6+104.72j
0.87242,3.8504
0.87195,-6.6496
0.87149,9.9278
0.87103,5.4768
0.87056,15.066
0.8701,-8.0387
0.86964,3.8504
0.86918,6.689+104.72j
0.86872,-62.159+104.72j
0.86826,16.278
0.8678,41.158
0.86734,-39.521
0.86688,-1079
0.86643,56.825
0.86597,-14.511+104.72j
