1.0413,-165.66
1.0407,-140.98+104.72j
1.04,-129.66+104.72j
1.0393,-157.77+104.72j
1.0387,-117.47+104.72j
1.038,-137.14
1.0374,-126.5+104.72j
1.0367,-124.56
1.0361,-132.32
1.0354,-119.52
1.0348,-130.1+104.72j
1.0341,-226.45
1.0335,-124.44
1.0328,-157.38
1.0322,-159.53
1.0315,-139.45
1.0309,-156.82+104.72j
1.0302,-235.09
1.0296,-159.17+104.72j
1.0289,-103.85
1.0283,-126.16
1.0276,-187.54
1.027,-138.36
1.0263,-109.69
1.0257,-125.34
1.0251,-117.84
1.0244,-107.47
1.0238,-105.98
1.0231,-128.55
1.0225,-106.51
1.0219,-112.83
1.0212,-99.527
1.0206,-97.518
1.02,-103.45
1.0193,-95.609
1.0187,-98.021
1.0181,-97.023
1.0174,-91.943
1.0168,-87.873
1.0162,-90.024
1.0155,-85.828
1.0149,-85.422
1.0143,-85.649
1.0137,-82.437
1.013,-83.089
1.0124,-81.5
1.0118,-78.689
1.0112,-77.549
1.0105,-76.793
1.0099,-74.703
1.0093,-73.777
1.0087,-73.213
1.0081,-72.512
1.0074,-70.909
1.0068,-70.82
1.0062,-69.426
1.0056,-69.232
1.005,-68.03
1.0043,-65.918
1.0037,-65.873
1.0031,-65.378
1.0025,-64.17
1.0019,-63.687
1.0013,-63.196
1.0007,-63.744
1.0001,-62.867
0.99945,-61.543
0.99885,-60.483
0.99824,-60.34
0.99763,-59.25
0.99702,-59.498
0.99642,-58.627
0.99581,-57.936
0.99521,-58.153
0.99461,-57.328
0.994,-57.502
0.9934,-56.735
0.9928,-55.838
0.9922,-56.182
0.9916,-55.584
0.991,-55.428
0.9904,-55.179
0.98981,-54.602
0.98921,-54.861
0.98861,-55.225
0.98802,-54.251
0.98742,-54.699
0.98683,-53.998
0.98624,-53.831
0.98564,-53.958
0.98505,-53.911
0.98446,-53.974
0.98387,-53.537
0.98328,-53.883
0.98269,-54.331
0.9821,-54.449
0.98151,-53.98
0.98093,-54.517
0.98034,-54.996
0.97976,-54.202
0.97917,-55.219
0.97859,-54.539
0.978,-54.792
0.97742,-55.483
0.97684,-55.876
0.97626,-56.181
0.97568,-55.945
0.9751,-56.789
0.97452,-57.118
0.97394,-57.454
0.97336,-57.498
0.97278,-57.369
0.97221,-58.623
0.97163,-58.488
0.97106,-59.811
0.97048,-59.927
0.96991,-60.755
0.96933,-60.493
0.96876,-61.552
0.96819,-62.604
0.96762,-63.016
0.96705,-63.731
0.96648,-63.805
0.96591,-64.896
0.96534,-66.134
0.96477,-66.333
0.96421,-67.811
0.96364,-68.407
0.96307,-68.912
0.96251,-70.426
0.96195,-70.362
0.96138,-71.902
0.96082,-72.366
0.96026,-72.248
0.95969,-72.938
0.95913,-74.025
0.95857,-75.273
0.95801,-74.807
0.95745,-75.694
0.95689,-75.685
0.95634,-76.761
0.95578,-77.774
0.95522,-78.008
0.95467,-77.938
0.95411,-80.057
0.95356,-78.614
0.953,-78.439
0.95245,-78.3
0.9519,-78.93
0.95135,-78.264
0.95079,-76.381
0.95024,-77.204
0.94969,-76.562
0.94914,-75.11
0.94859,-74.591
0.94805,-72.822
0.9475,-72.472
0.94695,-71.276
0.94641,-70.079
0.94586,-68
0.94531,-66.113
0.94477,-64.232
0.94423,-63.235
0.94368,-61.195
0.94314,-59.56
0.9426,-57.719
0.94206,-55.669
0.94152,-53.567
0.94098,-51.877
0.94044,-50.026
0.9399,-48.178
0.93936,-46.103
0.93882,-44.046
0.93829,-42.163
0.93775,-40.09
0.93721,-38.264
0.93668,-36.349
0.93614,-34.454
0.93561,-32.833
0.93508,-30.946
0.93454,-29.279
0.93401,-27.597
0.93348,-25.914
0.93295,-24.373
0.93242,-22.875
0.93189,-21.516
0.93136,-20.128
0.93083,-18.87
0.9303,-17.451
0.92978,-16.371
0.92925,-15.145
0.92872,-14.156
0.9282,-13.125
0.92767,-12.199
0.92715,-11.26
0.92663,-10.369
0.9261,-9.6695
0.92558,-8.9138
0.92506,-8.2824
0.92454,-7.6838
0.92402,-7.0864
0.9235,-6.6003
0.92298,-6.1093
0.92246,-5.7055
0.92194,-5.3479
0.92142,-4.9254
0.9209,-4.6166
0.92039,-4.3643
0.91987,-4.0754
0.91935,-3.859
0.91884,-3.531
0.91833,-3.3773
0.91781,-3.1882
0.9173,-3.0329
0.91679,-2.848
0.91627,-2.6819
0.91576,-2.6363
0.91525,-2.4956
0.91474,-2.4487
0.91423,-2.3185
0.91372,-2.1663
0.91321,-2.2458
0.91271,-2.1699
0.9122,-2.1241
0.91169,-2.0652
0.91118,-2.112
0.91068,-2.1346
0.91017,-1.8741
0.90967,-1.9204
0.90916,-1.8567
0.90866,-1.9346
0.90816,-1.6624
0.90766,-1.492
0.90715,-1.9029
0.90665,-1.7095
0.90615,-1.7188
0.90565,-1.8589
0.90515,-1.715
0.90465,-1.8859
0.90415,-1.5813
0.90366,-1.6509
0.90316,-1.6815
0.90266,-1.8651
0.90216,-1.7348
0.90167,-1.6732
0.90117,-1.81
0.90068,-1.5957
0.90018,-1.8558
0.89969,-1.4457
0.8992,-1.5324
0.8987,-1.4343
0.89821,-1.5226
0.89772,-1.586
0.89723,-1.8299
0.89674,-1.6641
0.89625,-1.6481
0.89576,-1.6158
0.89527,-1.5381
0.89478,-1.7868
0.89429,-1.2372
0.89381,-1.8752
0.89332,-1.468
0.89283,-1.839
0.89235,-2.1757
0.89186,-1.4779
0.89138,-1.1739
0.8909,-2.1303
0.89041,-1.737
0.88993,-2.0245
0.88945,-0.80857
0.88896,-2.0957
0.88848,-1.7826
0.888,-2.0532
0.88752,-1.9714
0.88704,-1.4573
0.88656,-1.724
0.88608,-1.1504
0.8856,-1.7532
0.88513,-2.629
0.88465,-1.5492
0.88417,-1.9961
0.8837,-1.566
0.88322,-1.688
0.88275,-2.2516
0.88227,-0.88005
0.8818,-2.3476
0.88132,-1.2275
0.88085,-1.2389
0.88038,-1.7998
0.8799,-1.8639
0.87943,-1.3384
0.87896,-1.3871
0.87849,-2.0402
0.87802,-3.2764
0.87755,-2.4948
0.87708,-2.7585
0.87661,-1.203
0.87614,-1.2638
0.87568,-1.9772
0.87521,-2.4814
0.87474,-2.5165
0.87428,-1.2187
0.87381,-1.7064
0.87335,-1.9719
0.87288,-2.0635
0.87242,-1.9651
0.87195,-0.53218
0.87149,-1.9325
0.87103,-3.274
0.87056,-1.1568
0.8701,-2.7097
0.86964,-0.31514
0.86918,-0.65831
0.86872,-3.2619
0.86826,0.34805
0.8678,-0.33078
0.86734,-1.0552
0.86688,-2.6298
0.86643,-4.1579
0.86597,-0.74681
0.86551,-2.6905
0.86506,-4.0077
0.8646,-5.1831
0.86414,-0.42861
0.86369,-2.9269
0.86323,-3.0414
0.86278,7.4015e-14
0.86233,-2.108
0.86187,-4.8203
0.86142,-4.2202
0.86097,-3.1633
0.86052,-2.0752
0.86007,-5.6371
0.85962,-1.7018
0.85917,-3.114
0.85872,-4.1152
0.85827,-0.60859
0.85782,-6.1593
0.85737,-7.0778
0.85692,1.9701
0.85647,-2.6536
0.85603,-5.3156
0.85558,2.6018
0.85513,0.66973
0.85469,-2.2343
0.85424,-4.6029
0.8538,-7.0778
0.85336,-5.2364
0.85291,-6.1801
0.85247,-4.4108
0.85203,-6.8138
0.85158,1.1842e-13
0.85114,-1.8905
0.8507,-1.0172
0.85026,-2.7209
0.84982,9.5142
0.84938,1.789
0.84894,-1.2935
0.8485,1.7764e-13
0.84806,-2.0042
0.84762,1.9244e-13
0.84719,-5.3383
0.84675,-14.55
0.84631,-14.834
0.84588,-4.4108
0.84544,-3.2522
0.845,-14.449
0.84457,-5.7433
0.84413,-4.4108
0.8437,-12.237
0.84327,-14.834
0.84283,-7.9512
0.8424,-2.6275e-13
0.84197,-1.4024
0.84154,3.4622
0.8411,-6.5984
0.84067,-13.303
0.84024,-1.776
0.83981,-17.877
0.83938,-5.0324
0.83895,-1.464
0.83852,-7.7541
0.8381,-12.433
0.83767,-15.724
0.83724,13.219
0.83681,13.219
0.83639,-22.611
0.83596,-18.18
0.83553,-5.978
0.83511,-3.0965
0.83468,-10.657
0.83426,-24.731
0.83384,-13.029
0.83341,2.8331
0.83299,-7.8655
0.83257,-22.372
0.83214,6.2913e-13
0.83172,33.841
0.8313,2.2573
0.83088,9.2251
0.83046,-13.219
0.83004,-82.83
0.82962,-26.617
0.8292,6.5103
0.82878,-109.45
0.82836,-7.2896
0.82794,-4.9307
0.82753,-26.617
0.82711,-29.241
0.82669,19.327
0.82628,-9.4037
0.82586,8.0982
0.82544,12.257+104.72j
0.82503,5.033e-13
0.82461,-62.393
0.8242,12.799
0.82379,-37.981+104.72j
0.82337,37.2+104.72j
0.82296,-1.1694e-12
0.82255,32.694+104.72j
0.82213,-34.715
0.82172,-21.042
0.82131,-29.241
0.8209,-35.171
0.82049,-58.099
0.82008,-40.37
0.81967,-8.8876
0.81926,9.844e-13
0.81885,26.617
0.81844,70.675
0.81803,-18.654+104.72j
0.81763,40.37
0.81722,-37.981+104.72j
0.81681,44.059
0.81641,-42.989+104.72j
0.816,-91.718
0.81559,-28.052
0.81519,-18.654+104.72j
0.81478,-15.225
0.81438,76.753+104.72j
0.81398,-16.49+104.72j
0.81357,-37.2+104.72j
0.81317,6.0774+104.72j
0.81277,4.0708e-12
0.81236,1.6579e-12
0.81196,-2.2674e-11
0.81156,-18.335
