1.0413,-100.34
1.0407,-92.524
1.04,-97.373
1.0393,-94.806
1.0387,-102.24
1.038,-95.736
1.0374,-91.273
1.0367,-94.453
1.0361,-87.23
1.0354,-91.157
1.0348,-89.06
1.0341,-88.151
1.0335,-87.248
1.0328,-90.094
1.0322,-86.753
1.0315,-83.834
1.0309,-81.251
1.0302,-83.836
1.0296,-81.278
1.0289,-81.244
1.0283,-81.579
1.0276,-79.998
1.027,-78.709
1.0263,-76.014
1.0257,-74.108
1.0251,-75.041
1.0244,-73.774
1.0238,-72.629
1.0231,-70.859
1.0225,-71.008
1.0219,-69.725
1.0212,-68.613
1.0206,-67.67
1.02,-67.352
1.0193,-65.589
1.0187,-65.248
1.0181,-64.53
1.0174,-63.856
1.0168,-62.706
1.0162,-61.786
1.0155,-60.955
1.0149,-59.882
1.0143,-59.832
1.0137,-58.858
1.013,-58.601
1.0124,-57.658
1.0118,-56.855
1.0112,-55.926
1.0105,-55.745
1.0099,-55.598
1.0093,-54.449
1.0087,-53.96
1.0081,-53.372
1.0074,-52.738
1.0068,-52.035
1.0062,-52.177
1.0056,-51.382
1.005,-51.077
1.0043,-50.638
1.0037,-49.727
1.0031,-49.465
1.0025,-49.192
1.0019,-48.575
1.0013,-48.419
1.0007,-47.978
1.0001,-47.441
0.99945,-47.233
0.99885,-46.933
0.99824,-46.531
0.99763,-46.479
0.99702,-46.157
0.99642,-45.938
0.99581,-45.699
0.99521,-45.468
0.99461,-45.141
0.994,-45.052
0.9934,-45.084
0.9928,-44.769
0.9922,-44.35
0.9916,-44.233
0.991,-44.136
0.9904,-43.887
0.98981,-43.875
0.98921,-44.134
0.98861,-43.538
0.98802,-43.76
0.98742,-43.429
0.98683,-43.623
0.98624,-43.519
0.98564,-43.421
0.98505,-43.455
0.98446,-43.524
0.98387,-43.47
0.98328,-43.805
0.98269,-43.555
0.9821,-43.565
0.98151,-43.657
0.98093,-43.81
0.98034,-43.891
0.97976,-43.712
0.97917,-43.956
0.97859,-44.211
0.978,-44.171
0.97742,-44.457
0.97684,-44.369
0.97626,-44.578
0.97568,-44.582
0.9751,-44.757
0.97452,-45.068
0.97394,-45.043
0.97336,-45.064
0.97278,-45.396
0.97221,-45.503
0.97163,-45.619
0.97106,-45.747
0.97048,-46.011
0.96991,-45.946
0.96933,-45.872
0.96876,-46.114
0.96819,-46.524
0.96762,-46.375
0.96705,-46.414
0.96648,-46.503
0.96591,-46.87
0.96534,-46.666
0.96477,-46.737
0.96421,-46.631
0.96364,-46.438
0.96307,-46.326
0.96251,-46.746
0.96195,-46.194
0.96138,-46.073
0.96082,-45.861
0.96026,-45.945
0.95969,-45.521
0.95913,-45.231
0.95857,-45.125
0.95801,-44.404
0.95745,-44.357
0.95689,-43.959
0.95634,-43.4
0.95578,-43.142
0.95522,-42.493
0.95467,-42.052
0.95411,-41.48
0.95356,-40.971
0.953,-40.243
0.95245,-39.789
0.9519,-38.931
0.95135,-38.401
0.95079,-37.681
0.95024,-37.024
0.94969,-36.165
0.94914,-35.478
0.94859,-34.618
0.94805,-33.856
0.9475,-33.085
0.94695,-32.244
0.94641,-31.323
0.94586,-30.709
0.94531,-29.739
0.94477,-28.934
0.94423,-28.021
0.94368,-27.174
0.94314,-26.407
0.9426,-25.643
0.94206,-24.699
0.94152,-23.954
0.94098,-23.166
0.94044,-22.378
0.9399,-21.548
0.93936,-20.875
0.93882,-20.076
0.93829,-19.324
0.93775,-18.657
0.93721,-17.877
0.93668,-17.155
0.93614,-16.496
0.93561,-15.862
0.93508,-15.236
0.93454,-14.571
0.93401,-14.029
0.93348,-13.445
0.93295,-12.815
0.93242,-12.239
0.93189,-11.775
0.93136,-11.207
0.93083,-10.783
0.9303,-10.253
0.92978,-9.8418
0.92925,-9.2948
0.92872,-8.8974
0.9282,-8.4496
0.92767,-8.132
0.92715,-7.7633
0.92663,-7.3119
0.9261,-7.1239
0.92558,-6.7367
0.92506,-6.4535
0.92454,-6.1234
0.92402,-5.9524
0.9235,-5.5654
0.92298,-5.4299
0.92246,-5.084
0.92194,-4.9955
0.92142,-4.6377
0.9209,-4.5774
0.92039,-4.4002
0.91987,-4.2806
0.91935,-4.0786
0.91884,-4.0378
0.91833,-3.8445
0.91781,-3.8316
0.9173,-3.6311
0.91679,-3.4966
0.91627,-3.4131
0.91576,-3.3891
0.91525,-3.2837
0.91474,-3.4055
0.91423,-3.2367
0.91372,-3.1514
0.91321,-3.1092
0.91271,-2.9262
0.9122,-2.6914
0.91169,-2.8406
0.91118,-2.8249
0.91068,-2.8775
0.91017,-2.7285
0.90967,-2.8202
0.90916,-2.784
0.90866,-2.7433
0.90816,-2.4759
0.90766,-2.8099
0.90715,-2.5756
0.90665,-2.6616
0.90615,-2.3591
0.90565,-2.578
0.90515,-2.6537
0.90465,-2.6664
0.90415,-2.6719
0.90366,-2.748
0.90316,-2.5914
0.90266,-2.6917
0.90216,-2.8294
0.90167,-2.2438
0.90117,-2.7929
0.90068,-2.6465
0.90018,-3.1102
0.89969,-2.7041
0.8992,-2.6653
0.8987,-2.5402
0.89821,-2.1419
0.89772,-2.6888
0.89723,-2.6262
0.89674,-2.5261
0.89625,-2.3259
0.89576,-2.7862
0.89527,-2.9366
0.89478,-2.5768
0.89429,-2.7988
0.89381,-2.2342
0.89332,-2.4061
0.89283,-2.5755
0.89235,-2.9963
0.89186,-2.1816
0.89138,-2.7209
0.8909,-2.5123
0.89041,-2.4607
0.88993,-2.3997
0.88945,-1.756
0.88896,-2.1341
0.88848,-3.07
0.888,-3.0946
0.88752,-2.7203
0.88704,-2.7709
0.88656,-2.6033
0.88608,-3.2312
0.8856,-3.5822
0.88513,-3.0301
0.88465,-2.888
0.88417,-2.8366
0.8837,-3.486
0.88322,-3.5976
0.88275,-1.5909
0.88227,-3.0909
0.8818,-2.9597
0.88132,-2.7539
0.88085,-2.5455
0.88038,-1.7183
0.8799,-1.757
0.87943,-2.7346
0.87896,-3.4756
0.87849,-2.985
0.87802,-2.936
0.87755,-2.3151
0.87708,-3.6356
0.87661,-3.1905
0.87614,-1.5354
0.87568,-2.3534
0.87521,-3.952
0.87474,-1.5027
0.87428,-3.0967
0.87381,-2.0345
0.87335,-4.2849
0.87288,-3.6645
0.87242,-3.1411
0.87195,-1.2968
0.87149,-3.8219
0.87103,-2.6269
0.87056,-3.3837
0.8701,-2.9276
0.86964,-2.6519
0.86918,-3.8822
0.86872,-3.0596
0.86826,-3.0264
0.8678,-2.7083
0.86734,-4.1584
0.86688,-3.0596
0.86643,-5.7245
0.86597,-3.1639
0.86551,-0.95877
0.86506,-2.7147
0.8646,1.7032
0.86414,-8.4056
0.86369,-5.4481
0.86323,-4.6645
0.86278,-7.6969
0.86233,-2.6045
0.86187,-2.1341
0.86142,-3.2076
0.86097,-5.3111
0.86052,-4.0499
0.86007,-2.4589
0.85962,-1.8482
0.85917,-6.6496
0.85872,0.41854
0.85827,-5.5685
0.85782,-0.91497
0.85737,-3.7134
0.85692,-2.0893
0.85647,-6.8566
0.85603,-6.4313
0.85558,-2.6283
0.85513,-1.6355
0.85469,1.1562
0.85424,-7.2182
0.8538,-1.8683
0.85336,1.1562
0.85291,-5.4592
0.85247,1.4288
0.85203,-3.6235
0.85158,-1.2393
0.85114,-8.3261
0.8507,-5.0383
0.85026,-2.9775
0.84982,-3.1446
0.84938,-2.5279
0.84894,-3.5423
0.8485,-7.8397
0.84806,-9.6197
0.84762,-5.0201
0.84719,-14.771
0.84675,-3.9136
0.84631,-1.6424
0.84588,-6.479
0.84544,-0.43011
0.845,-6.7234
0.84457,0.93527
0.84413,-7.8397
0.8437,-5.5685
0.84327,0.85947
0.84283,0.89577
0.8424,-4.1126
0.84197,-2.0046
0.84154,3.8788
0.8411,1.6953
0.84067,-12.159
0.84024,1.1356
0.83981,-6.3603
0.83938,4.0581
0.83895,-18.393
0.83852,-6.3603
0.8381,-0.9196
0.83767,14.127
0.83724,-8.2884
0.83681,-0.79844
0.83639,-7.0725
0.83596,3.8504
0.83553,7.8888
0.83511,-8.0387
0.83468,-4.1126
0.83426,-3.325
0.83384,-4.2611
0.83341,8.2691
0.83299,-9.6476
0.83257,-34.804
0.83214,17.253
0.83172,20.765
0.8313,-4.2611
0.83088,10.025
0.83046,6.9546
0.83004,-19.368
0.82962,-5.9328
0.8292,-2.1986
0.82878,28.881
0.82836,5.3687
0.82794,8.2691
0.82753,15.753
0.82711,-38.582
0.82669,-0.70549
0.82628,10.201
0.82586,34.28
0.82544,7.6281
0.82503,44.567
0.82461,98.584
0.8242,6.689
0.82379,-1.4817
0.82337,4.5377
0.82296,13.896+104.72j
0.82255,106.96
0.82213,-28.673+104.72j
0.82172,-5.9328
0.8209,70.34
0.82049,19.291
0.82008,-19.368
0.81967,24.43
0.81926,19.291
0.81885,-2.9004
0.81844,74.791+104.72j
0.81803,12.766+104.72j
0.81763,-26.005
0.81722,7.947
0.81681,6.689
0.816,-6.4124+104.72j
0.81559,5.7757
0.81519,29.794+104.72j
0.81478,56.825+104.72j
0.81438,43.309
0.81398,43.309+104.72j
0.81357,32.55
0.81317,26.282
0.81277,17.536
0.81236,-21.021
0.81156,70.34+104.72j
