1.0861,-38.603+104.72j
1.0854,-46.387+104.72j
1.0847,-49.309+104.72j
1.084,-46.642+104.72j
1.0833,-36.066+104.72j
1.0826,-80.798+104.72j
1.0818,-55.508+104.72j
1.0811,-43.04+104.72j
1.0804,-49.963+104.72j
1.0797,-70.808+104.72j
1.079,-58.832+104.72j
1.0783,-65.465+104.72j
1.0776,-61.5+104.72j
1.0769,-73.983+104.72j
1.0762,-92.679+104.72j
1.0755,-139.83+104.72j
1.0748,-72.031+104.72j
1.0741,-66.751+104.72j
1.0734,-55.089+104.72j
1.0727,-80.229+104.72j
1.0719,-90.668+104.72j
1.0712,-65.086+104.72j
1.0706,-83.692+104.72j
1.0699,-105.42+104.72j
1.0692,-87.414+104.72j
1.0685,-96.926+104.72j
1.0678,-81.228+104.72j
1.0671,-82.962+104.72j
1.0664,-84.997+104.72j
1.0657,-142.16+104.72j
1.065,-97.528+104.72j
1.0643,-89.454+104.72j
1.0636,-97.859+104.72j
1.0629,-117.76+104.72j
1.0622,-105.93+104.72j
1.0615,-89.426+104.72j
1.0609,-84.236+104.72j
1.0602,-122.08+104.72j
1.0595,-90.151+104.72j
1.0588,-109.65+104.72j
1.0581,-153.75+104.72j
1.0574,-155.02+104.72j
1.0568,-205.08
1.0561,-166.03+104.72j
1.0554,-146.51
1.0547,-144.74
1.054,-137.07
1.0534,-165.67
1.0527,-143.63
1.052,-141.21
1.0513,-144.89
1.0507,-197.94
1.05,-140.93
1.0493,-149.8
1.0487,-128.71
1.048,-123.44
1.0473,-129.88
1.0466,-116.96
1.046,-113.7
1.0453,-111.9
1.0446,-112.73
1.044,-101.8
1.0433,-107.3
1.0427,-98.532
1.042,-94.55
1.0413,-98.333
1.0407,-100.31
1.04,-92.396
1.0393,-94.193
1.0387,-91.159
1.038,-89.633
1.0374,-86.808
1.0367,-82.907
1.0361,-84.243
1.0354,-81.339
1.0348,-79.92
1.0341,-80.606
1.0335,-78.061
1.0328,-77.906
1.0322,-74.792
1.0315,-74.84
1.0309,-73.482
1.0302,-72.276
1.0296,-70.84
1.0289,-70.995
1.0283,-70.168
1.0276,-68.625
1.027,-67.69
1.0263,-68.094
1.0257,-65.849
1.0251,-66.448
1.0244,-64.512
1.0238,-64.582
1.0231,-64.269
1.0225,-63.316
1.0219,-62.717
1.0212,-62.104
1.0206,-60.906
1.02,-61.058
1.0193,-60.815
1.0187,-60.1
1.0181,-59.48
1.0174,-58.967
1.0168,-58.695
1.0162,-58.628
1.0155,-58.184
1.0149,-57.73
1.0143,-57.116
1.0137,-57.219
1.013,-57.184
1.0124,-57.033
1.0118,-57.334
1.0112,-56.758
1.0105,-56.417
1.0099,-56.536
1.0093,-56.759
1.0087,-56.568
1.0081,-56.288
1.0074,-55.997
1.0068,-56.615
1.0062,-56.529
1.0056,-56.569
1.005,-57.025
1.0043,-57.471
1.0037,-57.14
1.0031,-57.566
1.0025,-57.601
1.0019,-57.831
1.0013,-58.333
1.0007,-58.344
1.0001,-59.695
0.99945,-59.09
0.99885,-60.296
0.99824,-60.268
0.99763,-60.74
0.99702,-61.479
0.99642,-61.617
0.99581,-62.254
0.99521,-63.157
0.99461,-63.805
0.994,-64.219
0.9934,-65.495
0.9928,-65.387
0.9922,-66.508
0.9916,-66.933
0.991,-67.602
0.9904,-68.726
0.98981,-70.139
0.98921,-70.779
0.98861,-71.3
0.98802,-73.393
0.98742,-73.699
0.98683,-74.613
0.98624,-74.886
0.98564,-78.058
0.98505,-78.366
0.98446,-79.486
0.98387,-80.094
0.98328,-81.084
0.98269,-83.206
0.9821,-84.979
0.98151,-84.383
0.98093,-84.954
0.98034,-87.101
0.97976,-87.502
0.97917,-89.021
0.97859,-90.158
0.978,-89.983
0.97742,-91.13
0.97684,-91.43
0.97626,-92.47
0.97568,-91.826
0.9751,-91.451
0.97452,-90.399
0.97394,-92.111
0.97336,-90.468
0.97278,-89.43
0.97221,-88.483
0.97163,-88.539
0.97106,-86.867
0.97048,-84.823
0.96991,-83.392
0.96933,-81.406
0.96876,-79.114
0.96819,-77.362
0.96762,-74.631
0.96705,-73.59
0.96648,-70.899
0.96591,-68.345
0.96534,-66.462
0.96477,-63.563
0.96421,-61.302
0.96364,-58.775
0.96307,-56.414
0.96251,-54.026
0.96195,-51.247
0.96138,-48.917
0.96138,-47.895
0.96082,-45.24
0.96026,-43.282
0.95969,-41.017
0.95913,-38.691
0.95857,-36.54
0.95801,-34.402
0.95745,-32.347
0.95689,-30.505
0.95634,-28.493
0.95578,-26.825
0.95522,-24.92
0.95467,-23.281
0.95411,-21.686
0.95356,-20.11
0.953,-18.734
0.95245,-17.324
0.9519,-16.007
0.95135,-14.86
0.95079,-13.644
0.95024,-12.675
0.94969,-11.587
0.94914,-10.679
0.94859,-9.7578
0.94805,-8.9917
0.9475,-8.2227
0.94695,-7.5559
0.94641,-6.8894
0.94586,-6.3245
0.94531,-5.7325
0.94477,-5.3285
0.94423,-4.8597
0.94368,-4.418
0.94314,-4.0476
0.9426,-3.7922
0.94206,-3.4362
0.94152,-3.2331
0.94098,-2.9265
0.94044,-2.8497
0.9399,-2.5673
0.93936,-2.3734
0.93882,-2.1907
0.93829,-2.0891
0.93775,-2.0142
0.93721,-1.8683
0.93668,-1.8408
0.93614,-1.703
0.93561,-1.6364
0.93508,-1.5717
0.93454,-1.5502
0.93401,-1.556
0.93348,-1.3876
0.93295,-1.425
0.93242,-1.2757
0.93189,-1.3736
0.93136,-1.357
0.93083,-1.2991
0.9303,-1.2163
0.92978,-1.1432
0.92925,-1.3526
0.92872,-1.2724
0.9282,-1.1987
0.92767,-1.0014
0.92715,-1.1646
0.92663,-1.338
0.9261,-1.1544
0.92558,-1.197
0.92506,-1.1324
0.92454,-1.2262
0.92402,-1.1569
0.9235,-1.1282
0.92298,-1.1104
0.92246,-1.1571
0.92194,-1.1828
0.92142,-1.0731
0.9209,-0.91846
0.92039,-0.99552
0.91987,-0.95989
0.91935,-0.99768
0.91884,-1.0257
0.91833,-1.2312
0.91781,-0.89231
0.9173,-0.95287
0.91679,-1.3107
0.91627,-1.0826
0.91576,-1.0245
0.91525,-0.62763
0.91474,-1.1804
0.91423,-0.66152
0.91372,-0.90989
0.91321,-1.0516
0.91271,-0.66331
0.9122,-1.0443
0.91169,-1.0143
0.91118,-0.51996
0.91068,-0.78562
0.91017,-0.57533
0.90967,-0.9404
0.90916,-0.98711
0.90866,-0.62153
0.90816,-0.81394
0.90766,-0.48457
0.90715,-0.57371
0.90665,-0.85921
0.90615,-0.36413
0.90565,-0.49401
0.90515,-0.42539
0.90465,-0.99663
0.90415,-0.39757
0.90366,-0.84167
0.90316,-0.21952
0.90266,-0.60756
0.90216,-1.156
0.90167,-0.30872
0.90117,-0.6662
0.90068,-0.13986
0.90018,0.19191
0.89969,-0.30704
0.8992,-0.1564
0.8987,-0.3311
0.89821,0.066927
0.89772,-0.5026
0.89723,-0.76043
0.89674,-0.69576
0.89625,-0.37271
0.89576,1.8005
0.89527,-0.21142
0.89478,-0.61147
0.89429,0.27917
0.89381,-0.31333
0.89332,0.19119
0.89283,-0.44822
0.89235,0.6642
0.89186,-0.25518
0.89138,0.094206
0.8909,-0.15181
0.89041,-0.28189
0.88993,1.0467
0.88945,-1.2834
0.88896,-0.60345
0.88848,1.1532
0.888,1.2066
0.88752,-1.3503
0.88704,1.5514
0.88656,-0.90203
0.88608,1.2593
0.8856,1.6288
0.88513,0.68799
0.88465,-0.22447
0.88417,-1.4294
0.8837,1.5154
0.88322,0.81589
0.88275,-0.038603
0.88227,-1.6344
0.8818,-0.042983
0.88132,-0.31898
0.88085,0.7144
0.88038,0.68322
0.8799,-2.243
0.87943,-0.61635
0.87896,1.0879
0.87849,7.1694
0.87802,-0.34405
0.87755,-1.5221
0.87708,0.55603
0.87661,-2.0821
0.87614,-2.2406
0.87568,-3.1316
0.87521,-0.80812
0.87474,0.93478
0.87428,2.3953
0.87381,4.9959
0.87335,1.6821
0.87288,4.0961
0.87242,-3.2158
0.87195,2.6222
0.87149,1.3716
0.87103,0.97759
0.87056,-1.9366
0.8701,2.6128
0.86964,-0.65116
0.86918,-0.10449
0.86872,-2.6314
0.86826,-5.0602
0.8678,6.7634
0.86734,3.3841
0.86688,2.5467
0.86643,5.9187
0.86597,4.1756
0.86551,-5.9702
0.86506,1.5154
0.8646,-3.4958
0.86414,6.8421
0.86369,2.1117
0.86323,-0.099354
0.86278,3.5295
0.86233,1.4097
0.86187,9.6837
0.86142,8.1438
0.86097,4.8964
0.86052,-8.2028
0.86007,17.393
0.85962,2.1117
0.85917,-1.2507
0.85872,13.235
0.85827,2.1653
0.85782,2.1653
0.85737,4.2482
0.85692,6.8584
0.85647,-2.0786
0.85603,1.1607
0.85558,-13.043
0.85513,-20.595
0.85469,9.8038
0.85424,9.8038
0.8538,6.0774
0.85336,-0.30303
0.85291,17.624
0.85247,18.654
0.85203,18.654
0.85158,11.18
0.85114,33.205
0.8507,-156.98+104.72j
0.85026,-13.107
0.84982,-18.17
0.84938,134.18+104.72j
0.84894,-80.181+104.72j
0.8485,11.18
0.84806,-15.282
0.84762,42.038
0.84719,-6.0774
0.84675,23.36+104.72j
0.84631,-6.0774
0.84588,156.38
0.84544,65.281
0.845,-32.076+104.72j
0.84457,4.2014
0.84413,-50.136
0.8437,-28.833+104.72j
0.84327,-37.133+104.72j
0.84283,65.479
0.8424,-12.676
0.84197,-6.8668
0.84154,66.791+104.72j
0.8411,48.621+104.72j
0.84067,-51.348+104.72j
0.84024,-10.179
0.83981,6.54e-11+104.72j
0.83938,104.52+104.72j
0.83895,56.213+104.72j
0.83852,-23.865
0.8381,6.0774
0.83767,2.1301
