1.0407
1.04
1.0394
1.0387
1.038
1.0374
1.0367
1.036
1.0354
1.0347
1.034
1.0334
1.0327
1.0321
1.0314
1.0308
1.0301
1.0294
1.0288
1.0281
1.0275
1.0268
1.0262
1.0255
1.0249
1.0242
1.0236
1.0229
1.0223
1.0216
1.021
1.0203
1.0197
1.0191
1.0184
1.0178
1.0171
1.0165
1.0159
1.0152
1.0146
1.0139
1.0133
1.0127
1.012
1.0114
1.0108
1.0101
1.0095
1.0089
1.0082
1.0076
1.007
1.0064
1.0057
1.0051
1.0045
1.0039
1.0032
1.0026
1.002
1.0014
1.0008
1.0001
0.99952
0.9989
0.99829
0.99767
0.99706
0.99644
0.99583
0.99521
0.9946
0.99399
0.99338
0.99277
0.99216
0.99155
0.99094
0.99034
0.98973
0.98913
0.98852
0.98792
0.98731
0.98671
0.98611
0.98551
0.98491
0.98431
0.98371
0.98311
0.98251
0.98192
0.98132
0.98072
0.98013
0.97954
0.97894
0.97835
0.97776
0.97717
0.97658
0.97599
0.9754
0.97481
0.97422
0.97364
0.97305
0.97246
0.97188
0.9713
0.97071
0.97013
0.96955
0.96897
0.96839
0.96781
0.96723
0.96665
0.96607
0.9655
0.96492
0.96434
0.96377
0.96319
0.96262
0.96205
0.96148
0.96022
0.95966
0.9591
0.95854
0.95798
0.95742
0.95687
0.95631
0.95575
0.9552
0.95464
0.95409
0.95353
0.95298
0.95243
0.95187
0.95132
0.95077
0.95022
0.94967
0.94912
0.94858
0.94803
0.94748
0.94693
0.94639
0.94584
0.9453
0.94476
0.94421
0.94367
0.94313
0.94259
0.94205
0.94151
0.94097
0.94043
0.93989
0.93935
0.93881
0.93828
0.93774
0.93721
0.93667
0.93614
0.93561
0.93507
0.93454
0.93401
0.93348
0.93295
0.93242
0.93189
0.93136
0.93083
0.93031
0.92978
0.92925
0.92873
0.9282
0.92768
0.92715
0.92663
0.92611
0.92559
0.92507
0.92454
0.92402
0.9235
0.92299
0.92247
0.92195
0.92143
0.92092
0.9204
0.91988
0.91937
0.91885
0.91834
0.91783
0.91731
0.9168
0.91629
0.91578
0.91527
0.91476
0.91425
0.91374
0.91323
0.91273
0.91222
0.91171
0.91121
0.9107
0.9102
0.90969
0.90919
0.90869
0.90818
0.90768
0.90718
0.90668
0.90618
0.90568
0.90518
0.90468
0.90418
0.90369
0.90319
0.90269
0.9022
0.9017
0.90121
0.90071
0.90022
0.89972
0.89923
0.89874
0.89825
0.89776
0.89727
0.89678
0.89629
0.8958
0.89531
0.89482
0.89433
0.89385
0.89336
0.89288
0.89239
0.89191
0.89142
0.89094
0.89046
0.88997
0.88949
0.88901
0.88853
0.88805
0.88757
0.88709
0.88661
0.88613
0.88565
0.88518
0.8847
0.88422
0.88375
0.88327
0.8828
0.88232
0.88185
0.88138
0.8809
0.88043
0.87996
0.87949
0.87902
0.87855
0.87808
0.87761
0.87714
0.87667
0.8762
0.87574
0.87527
0.8748
0.87434
0.87387
0.87341
0.87294
0.87248
0.87202
0.87155
0.87109
0.87063
0.87017
0.86971
0.86925
0.86879
0.86833
0.86787
0.86741
0.86695
0.86649
0.86604
0.86558
0.86512
0.86467
0.86421
0.86376
0.86331
0.86285
0.8624
0.86195
0.86149
0.86104
0.86059
0.86014
0.85969
0.85924
0.85879
0.85834
0.85789
0.85745
0.857
0.85655
0.8561
0.85566
0.85521
0.85477
0.85432
0.85388
0.85344
0.85299
0.85255
0.85211
0.85166
0.85122
0.85078
0.85034
0.8499
0.84946
0.84902
0.84858
0.84815
0.84771
0.84727
0.84683
0.8464
0.84596
0.84553
0.84509
0.84466
0.84422
0.84379
0.84335
0.84292
0.84249
0.84206
0.84163
0.84119
0.84076
0.84033
0.8399
0.83947
0.83905
0.83862
0.83819
0.83776
0.83733
0.83691
0.83648
0.83606
0.83563
0.83521
0.83478
0.83436
0.83393
0.83351
0.83309
0.83266
0.83224
0.83182
0.8314
0.83098
0.83056
0.83014
0.82972
0.8293
0.82888
0.82846
0.82805
0.82763
0.82721
0.8268
0.82638
0.82596
0.82555
0.82513
0.82472
0.82431
0.82389
0.82348
0.82307
0.82265
0.82224
0.82183
0.82142
0.82101
0.8206
0.82019
0.81978
0.81937
0.81896
0.81855
0.81815
0.81774
0.81733
0.81692
0.81652
0.81611
0.81571
0.8153
0.8149
0.81449
0.81409
0.81369
0.81328
0.81288
0.81248
0.81208
0.81168
0.81127
0.81087
0.81047
0.81007
0.80967
0.80928
