-144.72
-127.07
-123.28
-122.12
-109.37
-115.13
-108.27
-114.54
-111.05
-103.62
-106.33
-103.38
-99.068
-98.932
-91.853
-93.459
-95.578
-92.353
-90.829
-88.95
-88.251
-85.274
-83.873
-83.839
-82.084
-79.397
-79.459
-76.78
-77.976
-75.074
-76.058
-72.967
-73.295
-72.057
-71.33
-69.626
-68.858
-67.419
-68.01
-66.238
-66.217
-64.741
-64.558
-63.553
-63.09
-62.486
-61.802
-61.177
-61.185
-60.528
-60.076
-59.422
-58.636
-58.986
-58.358
-57.915
-57.077
-57.228
-57.084
-56.819
-56.277
-55.759
-55.807
-55.827
-55.836
-55.773
-55.728
-55.325
-55.86
-55.757
-55.894
-55.461
-56.014
-55.838
-55.734
-55.98
-56.104
-56.138
-56.666
-56.69
-57.547
-57.418
-57.688
-58.107
-58.91
-59.476
-59.199
-59.56
-60.425
-60.906
-60.491
-61.961
-62.227
-62.74
-63.462
-64.034
-64.936
-65.697
-66.725
-66.682
-68.265
-68.016
-69.488
-70.525
-71.942
-72.169
-73.95
-74.626
-74.439
-75.879
-77.347
-77.87
-79.245
-79.296
-80.746
-80.907
-82.832
-82.513
-83.376
-84.317
-84.623
-85.841
-84.726
-84.961
-86.31
-84.126
-86.184
-83.36
-84.454
-83.306
-82.8
-81.071
-79.836
-78.049
-77.678
-76.563
-75.247
-73.368
-71.835
-68.89
-67.755
-65.569
-63.241
-61.285
-59.422
-56.975
-55.084
-52.589
-50.524
-48.375
-46.104
-44.04
-41.815
-39.776
-37.67
-35.762
-33.883
-31.989
-30.055
-28.381
-26.554
-24.975
-23.245
-21.798
-20.325
-18.993
-17.533
-16.372
-15.117
-14.03
-12.974
-11.963
-11.035
-10.189
-9.2976
-8.5906
-7.8884
-7.207
-6.6206
-6.0515
-5.5404
-5.0835
-4.6386
-4.2718
-3.9102
-3.5947
-3.2616
-2.9657
-2.7296
-2.5539
-2.2992
-2.1553
-1.959
-1.8539
-1.705
-1.6265
-1.4267
-1.3292
-1.2485
-1.2201
-1.093
-1.0871
-1.0604
-1.0023
-0.947
-0.87218
-0.8816
-0.84887
-0.86157
-0.81274
-0.72797
-0.66495
-0.67082
-0.69545
-0.83976
-0.68694
-0.77772
-0.70848
-0.72321
-0.74374
-0.80715
-0.73518
-0.90593
-0.72571
-0.74305
-0.76164
-1.0974
-0.67311
-0.80159
-0.65429
-0.90921
-0.72755
-0.79686
-0.71595
-0.8518
-0.78186
-0.78302
-0.801
-0.97051
-1.0161
-0.93911
-0.76151
-1.1852
-1.2818
-0.72195
-0.69182
-0.80098
-0.83921
-1.2495
-0.6136
-0.92179
-0.75751
-1.2689
-0.72066
-1.0281
-1.3728
-0.70425
-0.8419
-0.39084
-0.76074
-0.99629
-0.7439
-1.0776
-0.60549
-0.91197
-0.72664
-1.4721
-0.29485
-1.4107
-0.26325
-1.2399
-0.91132
-1.3417
-1.6333
-0.74399
-0.94675
-2.0188
-1.3495
-2.4113
-1.3403
-2.0611
-1.5669
-1.1558
-0.9502
0.96807
-1.152
-0.43371
-2.0855
-1.2929
-0.70975
0.59768
-2.1957
-0.74996
0.64725
-0.14878
-2.3137
-2.0945
-0.87317
-0.92444
0.62231
-2.2208
-2.9477
-0.020378
-0.18519
-1.032
-3.0783
-1.7697
-2.6734
-0.37937
-0.66404
-1.0418
-1.0617
-1.163
-4.6435
-2.614
1.3767
-1.9264
-1.6713
-0.015991
-4.7174
-0.79282
-0.79732
-3.3188
-0.31897
-3.7093
-0.66878
-4.2587
0.26639
-0.33036
-1.4109
-4.2692
-0.32419
-1.0487
-0.36002
-0.37884
-0.41851
1.4004
-0.032969
-4.2591
-8.2745
-0.039248
-0.50628
-7.0072
-7.2914
-6.1337
3.8215
1.2916
2.8157
-1.7875
-0.78498
6.7147
4.6166
7.5533
2.3717
-6.3343
-9.1558
2.6866
-3.4012
-0.69831
-4.2552
-2.7366
-2.2786
-9.5058
23.269
-5.9544
-9.9115
8.0802
-4.4269
8.9138
-11.082
-12.545
4.5276
-5.5386
-11.725
-2.5359
6.5713
13.831
6.8231
-22.252
-1.0226
-0.13738
-2.4984
1.0589
12.132
-10.263
9.5907
-8.5234
-3.633
-0.11742
1.5518
-18.441
-2.1706
-3.5274
-4.546
-2.2221
-21.17
-3.7841
1.3277
-27.544
1.5264
-5.5445
-15.445
5.8547
31.713+104.72j
1.6385
-14.616
20.337
15.301
7.855
-5.9558
-13.11
5.0248
-0.19621
2.2534
-8.6797
-6.7137
16.674
15.688
-3.545
-24.884
-11.254
65.679+104.72j
-0.22442
-0.17753
-15.793
4.1149
-5.7541
-10.536
-56.233
10.201
-0.60449
55.135
61.608+104.72j
20.932+104.72j
45.878+104.72j
84.246
3.005
81.432
-2.3283
-36.039+104.72j
-60.774
9.3934
9.6363
16.921+104.72j
13.987+104.72j
-16.147
-8.3585
-3.8775
-7.7986
