-140.2
-129.66
-131.86
-108.53
-134.97
-109.82+104.72j
-177.96+104.72j
-160.32
-124.86
-138.5
-95.696
-118.8
-124.59
-107.01
-105.97
-104.86
-130.08
-99.577
-111.14
-116.22
-126.91
-105.72
-99.122
-102.83
-94.827
-99.724
-92.837
-96.334
-88.389
-90.189
-89.889
-90.451
-88.322
-78.249
-81.573
-83.102
-78.265
-76.441
-75.767
-76.318
-74.19
-73.345
-71.599
-69.663
-68.207
-68.545
-66.869
-67.001
-66.392
-64.996
-64.757
-63.02
-62.49
-61.777
-61.16
-60.157
-58.663
-59.02
-58.526
-57.033
-56.689
-55.944
-54.977
-56.06
-54.884
-54.629
-54.556
-53.68
-53.024
-52.466
-53.452
-51.978
-52.052
-51.598
-51.49
-51.931
-51.181
-50.821
-50.676
-50.612
-50.719
-50.467
-49.91
-50.244
-49.637
-49.935
-49.835
-50.317
-50.764
-50.152
-50.494
-50.95
-50.977
-51.147
-51.209
-51.435
-51.731
-52.142
-52.428
-52.004
-52.709
-53.657
-53.53
-53.925
-54.711
-54.879
-55.183
-55.889
-56.468
-56.946
-57.198
-57.601
-59.04
-58.692
-59.504
-60.425
-61.096
-61.75
-62.674
-63.42
-63.807
-64.641
-66.34
-66.645
-67.408
-67.552
-68.602
-68.736
-70.704
-69.529
-70.73
-71.211
-72.795
-72.219
-72.213
-73.641
-72.962
-72.378
-74.368
-75.21
-73.321
-74.697
-74.061
-72.703
-72.601
-73.209
-71.375
-71.319
-71.35
-69.069
-69.537
-66.732
-66.814
-64.993
-63.608
-62.177
-60.268
-58.299
-56.914
-55.443
-53.514
-51.521
-49.299
-47.886
-45.728
-43.757
-41.609
-40.207
-37.956
-36.156
-34.264
-32.511
-30.75
-29.184
-27.396
-25.92
-24.337
-22.859
-21.478
-19.892
-18.709
-17.451
-16.314
-15.154
-14.214
-13.07
-12.12
-11.172
-10.413
-9.5938
-8.8866
-8.111
-7.5475
-6.9053
-6.4433
-5.7218
-5.4543
-4.9272
-4.5575
-4.1891
-3.9358
-3.5415
-3.2808
-3.0591
-2.8604
-2.5449
-2.3386
-2.1932
-2.1016
-1.8993
-1.8016
-1.6651
-1.6768
-1.4438
-1.4949
-1.3351
-1.3292
-1.3213
-1.1486
-1.1537
-1.241
-1.105
-0.86876
-1.0633
-1.0178
-1.0142
-0.84751
-1.1669
-1.2255
-0.93008
-0.79196
-0.85858
-1.1816
-1.0737
-0.70611
-0.93868
-1.4769
-1.134
-1.0451
-1.0107
-1.1544
-1.3174
-1.345
-0.86641
-0.79111
-0.6432
-1.4597
-0.96847
-0.7733
-1.2355
-0.73794
-0.80544
-1.4642
-0.64575
-0.42501
-0.7566
-1.2168
-0.86031
-0.85733
-1.1721
-1.1035
-2.1077
-0.64727
-1.3196
-1.1931
-1.01
-0.89611
-1.6417
-1.1209
-0.59832
-0.81168
-0.90897
-2.025
-1.0797
-0.88084
-1.983
-0.94223
-1.5891
-1.631
-1.007
-3.0047
-1.0814
-1.7234
-2.8279
-0.982
-0.99573
-1.8022
-3.4182
-1.6592
-1.7278
-2.7621
-4.0012
-1.5083
-3.3415
-0.72815
-1.0337
-0.73522
-2.7858
-2.0906
-0.7888
-0.10209
0.6324
-4.7624
-1.6556
-3.9398
0.28674
1.7249
-0.52026
-0.11799
-3.5925
-3.8191
-0.61894
-1.2411
-3.217
-4.3117
0.89904
-0.72467
-2.4132
-4.8045
-4.9018
-0.89234
2.3882
-10.15
-7.7754
-4.8045
-7.9405
-0.93153
-6.81
-13.113
-5.7119
-1.9918
-8.821
-3.8489
-7.993
-5.7683
-10.084
-1.8923
-6.3465
-4.069
-1.345
-3.6961
-2.4413
-0.36298
-1.4361
-2.4413
-1.2648
-10.678
-13.322
-14.463
-13.957
1.9168
5.403
-2.8028
1.5597
-11.329
-1.5985
-11.95
-7.5097
-4.8472
-5.321
-3.4395
-8.1986
-9.5417
-14.691
-23.971
-9.5417
-2.5654
-13.201
-17.028
-14.02
-20.506
-13.301
-2.2885
-14.895
-2.9185
-23.863
-28.464
6.3846
-9.4796
-24.317
4.4199
-17.028
-35.033
-23.971
-0.69689
8.2133
-14.691
3.2153
4.7881
-17.028
1.7901
-20.871
-4.9737
-25.126
7.184
9.5894
-1.8022
-80.53
-29.182
-21.736
-10.429
-85.498+104.72j
89.266+104.72j
-18.904
-41.759
1.5597
-1.1301
-1.8022
-14.691
-14.691
-145.65+104.72j
19.018+104.72j
-127.62+104.72j
-15.277
-1.8022
-7.6841
19.438
11.525
-31.91
-99.858
-63.897
33.108+104.72j
58.859
78.379
-23.105+104.72j
5.3448
53.648
66.916
-25.126
-12.682
14.455
8.3771+104.72j
-17.028
-35.681+104.72j
-0.73263+104.72j
8.3771+104.72j
19.018+104.72j
-23.105+104.72j
41.39+104.72j
-17.028
3.0791
59.725+104.72j
-44.791+104.72j
31.276
-15.277
53.648
42.928
-23.105+104.72j
1.6263+104.72j
