1.0413,-133.62+104.72j
1.0407,-79.441+104.72j
1.04,-84.863+104.72j
1.0393,-88.895+104.72j
1.0387,-96.486+104.72j
1.038,-87.778+104.72j
1.0374,-107.31+104.72j
1.0367,-89.019+104.72j
1.0361,-85.966+104.72j
1.0354,-117.69+104.72j
1.0348,-103.07+104.72j
1.0341,-86.631+104.72j
1.0335,-193.65
1.0328,-97.093+104.72j
1.0322,-118.88+104.72j
1.0315,-152.77+104.72j
1.0309,-152.02
1.0302,-153.9+104.72j
1.0296,-128.35+104.72j
1.0289,-131.38+104.72j
1.0283,-131.95
1.0276,-129.77+104.72j
1.027,-127.94
1.0263,-140.75
1.0257,-150.39
1.0251,-226.84+104.72j
1.0244,-209.48
1.0238,-120.52
1.0231,-110.58
1.0225,-135.11
1.0219,-101.63
1.0212,-109.46
1.0206,-113.15
1.02,-103.27
1.0193,-133.24
1.0187,-106.14
1.0181,-128.75
1.0174,-112.42
1.0168,-103.43
1.0162,-112.53
1.0155,-100.63
1.0149,-104.43
1.0143,-93.401
1.0137,-100.09
1.013,-102.24
1.0124,-98.495
1.0118,-92.799
1.0112,-94.832
1.0105,-96.599
1.0099,-94.936
1.0093,-85.902
1.0087,-86.223
1.0081,-89.41
1.0074,-89.117
1.0068,-83.263
1.0062,-81.407
1.0056,-82.204
1.005,-82.061
1.0043,-80.688
1.0037,-81.296
1.0031,-77.754
1.0025,-77.32
1.0019,-77.694
1.0013,-76.832
1.0007,-74.966
1.0001,-74.354
0.99945,-74.213
0.99885,-72.7
0.99824,-71.258
0.99763,-72.206
0.99702,-70.98
0.99642,-70.304
0.99581,-68.29
0.99521,-69.204
0.99461,-66.649
0.994,-65.756
0.9934,-65.623
0.9928,-65.364
0.9922,-65.884
0.9916,-63.249
0.991,-63.338
0.9904,-62.171
0.98981,-62
0.98921,-61.303
0.98861,-60.676
0.98802,-60.366
0.98742,-59.046
0.98683,-59.023
0.98624,-58.094
0.98564,-57.183
0.98505,-57.191
0.98446,-56.958
0.98387,-55.712
0.98328,-55.817
0.98269,-55.441
0.9821,-54.189
0.98151,-53.782
0.98093,-54.043
0.98034,-53.405
0.97976,-52.551
0.97917,-51.887
0.97859,-51.567
0.978,-51.868
0.97742,-51.411
0.97684,-50.692
0.97626,-50.461
0.97568,-50.18
0.9751,-49.061
0.97452,-49.229
0.97394,-48.816
0.97336,-48.775
0.97278,-48.212
0.97221,-48.055
0.97163,-47.799
0.97106,-47.354
0.97048,-47.494
0.96991,-46.856
0.96933,-47.084
0.96876,-46.581
0.96819,-46.217
0.96762,-45.853
0.96705,-46.06
0.96648,-45.974
0.96591,-45.813
0.96534,-45.447
0.96477,-45.123
0.96421,-45.089
0.96364,-44.669
0.96307,-44.964
0.96251,-45.08
0.96195,-44.616
0.96138,-44.677
0.96082,-44.494
0.96026,-44.451
0.95969,-44.11
0.95913,-44.302
0.95857,-44.505
0.95801,-44.488
0.95745,-44.252
0.95689,-44.365
0.95634,-44.474
0.95578,-44.547
0.95522,-44.217
0.95467,-44.557
0.95411,-44.441
0.95356,-44.545
0.953,-44.692
0.95245,-44.855
0.9519,-44.587
0.95135,-44.704
0.95079,-44.721
0.95024,-44.931
0.94969,-44.84
0.94914,-45.116
0.94859,-44.795
0.94805,-45.061
0.9475,-45.046
0.94695,-45.464
0.94641,-44.933
0.94586,-45.425
0.94531,-45.27
0.94477,-45.336
0.94423,-45.204
0.94368,-45.318
0.94314,-45.43
0.9426,-45.33
0.94206,-45.112
0.94152,-45.19
0.94098,-44.89
0.94044,-44.944
0.9399,-45.027
0.93936,-44.505
0.93882,-44.349
0.93829,-44.313
0.93775,-43.966
0.93721,-44.021
0.93668,-43.697
0.93614,-43.494
0.93561,-42.86
0.93508,-42.76
0.93454,-42.344
0.93401,-41.93
0.93348,-41.494
0.93295,-41.209
0.93242,-40.599
0.93189,-40.256
0.93136,-39.695
0.93083,-39.258
0.9303,-38.739
0.92978,-38.232
0.92925,-37.629
0.92872,-37.08
0.9282,-36.608
0.92767,-36.149
0.92715,-35.359
0.92663,-34.836
0.9261,-34.325
0.92558,-33.821
0.92506,-33.052
0.92454,-32.499
0.92402,-31.724
0.9235,-31.201
0.92298,-30.62
0.92246,-30.033
0.92194,-29.561
0.92142,-28.956
0.9209,-28.162
0.92039,-27.669
0.91987,-27.16
0.91935,-26.548
0.91884,-26.107
0.91833,-25.422
0.91781,-24.964
0.9173,-24.259
0.91679,-23.715
0.91627,-23.27
0.91576,-22.741
0.91525,-22.154
0.91474,-21.751
0.91423,-21.342
0.91372,-20.795
0.91321,-20.376
0.91271,-19.835
0.9122,-19.188
0.91169,-19.102
0.91118,-18.504
0.91068,-18.073
0.91017,-17.681
0.90967,-17.24
0.90916,-16.891
0.90866,-16.648
0.90816,-16.169
0.90766,-15.716
0.90715,-15.345
0.90665,-14.927
0.90615,-14.641
0.90565,-14.32
0.90515,-13.937
0.90465,-13.764
0.90415,-13.256
0.90366,-12.964
0.90316,-12.658
0.90266,-12.377
0.90216,-12.113
0.90167,-11.912
0.90117,-11.453
0.90068,-11.433
0.90018,-10.998
0.89969,-10.929
0.8992,-10.582
0.8987,-10.346
0.89821,-9.8823
0.89772,-9.6902
0.89723,-9.6013
0.89674,-9.3421
0.89625,-9.011
0.89576,-8.9644
0.89527,-8.6062
0.89478,-8.3198
0.89429,-8.2875
0.89381,-8.1582
0.89332,-7.7615
0.89283,-7.79
0.89235,-7.5942
0.89186,-7.4477
0.89138,-7.0615
0.8909,-7.0332
0.89041,-6.7814
0.88993,-6.4884
0.88945,-6.4982
0.88896,-6.389
0.88848,-6.6638
0.888,-5.9393
0.88752,-5.6945
0.88704,-5.6844
0.88656,-5.5968
0.88608,-5.3415
0.8856,-5.4249
0.88513,-5.0669
0.88465,-5.3001
0.88417,-4.9298
0.8837,-5.0389
0.88322,-4.981
0.88275,-4.5948
0.88227,-4.3725
0.8818,-4.712
0.88132,-4.3094
0.88085,-4.5306
0.88038,-4.9728
0.8799,-4.4032
0.87943,-3.7039
0.87896,-4.0032
0.87849,-3.7458
0.87802,-3.9076
0.87755,-4.0331
0.87708,-3.638
0.87661,-3.6519
0.87614,-3.4974
0.87568,-3.303
0.87521,-3.5574
0.87474,-2.9628
0.87428,-3.3188
0.87381,-3.505
0.87335,-3.8122
0.87288,-3.0912
0.87242,-2.5629
0.87195,-3.7017
0.87149,-2.7098
0.87103,-3.3421
0.87056,-2.8457
0.8701,-2.4391
0.86964,-2.1705
0.86918,-2.4194
0.86872,-3.6867
0.86826,-3.1871
0.8678,-2.318
0.86734,-3.0272
0.86688,-2.3459
0.86643,-2.2795
0.86597,-2.5731
0.86551,-2.2675
0.86506,-2.3107
0.8646,-3.1588
0.86414,-2.7945
0.86369,-1.9802
0.86323,-2.6532
0.86278,-2.5145
0.86233,-4.3325
0.86187,-3.3561
0.86142,-3.3561
0.86097,-2.9966
0.86052,-4.3157
0.86007,-5.0599
0.85962,-2.1162
0.85917,-3.0039
0.85872,-1.8756
0.85827,-3.102
0.85782,-1.083
0.85737,-2.865
0.85692,0.11708
0.85647,-3.1722
0.85603,-4.8658
0.85558,-3.7853
0.85513,-0.71358
0.85469,-3.9174
0.85424,-2.0039
0.8538,-4.7011
0.85336,-2.41
0.85291,0.47115
0.85247,-3.2358
0.85203,0.50032
0.85158,-3.1356
0.85114,-1.5075
0.8507,-2.0009
0.85026,-2.0681
0.84982,2.4626
0.84938,-3.9617
0.84894,-3.2517
0.8485,-2.5541
0.84806,-4.5188
0.84762,-5.7499
0.84719,2.4046
0.84675,-4.169
0.84631,-1.5886
0.84588,-0.81247
0.84544,-1.8643
0.845,-1.3074
0.84457,-1.9569
0.84413,-3.9782
0.8437,1.504
0.84327,-1.604
0.84283,-2.1336
0.8424,1.504
0.84197,-1.022
0.84154,-6.8205
0.8411,-1.978
0.84067,-4.6983
0.84024,-2.0252
0.83981,-4.9504
0.83938,2.0768
0.83895,3.1343
0.83852,7.3577
0.8381,-3.1615
0.83767,1.3504
0.83724,2.9614
0.83681,-0.49262
0.83639,0.38447
0.83596,0.41615
0.83553,-2.9369
0.83511,-3.8908
0.83468,-10.551
0.83426,-5.6441
0.83384,-0.56981
0.83341,-5.0582
0.83299,1.947
0.83257,2.0285
0.83214,0.78068
0.83172,-12.321
0.8313,-0.6757
0.83088,-2.961
0.83046,3.2225
0.83004,3.0497
0.82962,-0.9133
0.8292,-5.0274
0.82878,-3.1418
0.82836,3.489
0.82794,-13.126
0.82753,-21.163
0.82711,2.4364
0.82669,5.321
0.82628,9.7379
0.82586,23.971
0.82544,-17.688
0.82503,12.097
0.82461,3.7598
0.8242,-15.378
0.82379,28.001
0.82337,-12.423
0.82296,-11.861
0.82255,13.091
0.82213,20.68
0.82172,18.089
0.82131,-17.391
0.8209,37.08
0.82049,37.08
0.82008,-14.587
0.81967,-49.303
0.81926,-2.0415
0.81885,138.63
0.81844,69.95
0.81803,24.504
0.81763,-28.243+104.72j
0.81722,-12.423
0.81681,-22.525
0.81641,1.8022
0.816,-24.198
0.81559,41.759
0.81519,-22.525
0.81478,12.926
0.81438,119.91
0.81398,-5.863
0.81357,4.451
0.81317,81.25
0.81277,41.759
0.81236,-8.3771+104.72j
0.81196,22.148
0.81156,-42.075
