1.0413,-163.04+104.72j
1.0407,-117.76+104.72j
1.04,-115.38+104.72j
1.0393,-128.96
1.0387,-121.47+104.72j
1.038,-166.27
1.0374,-168.73+104.72j
1.0367,-100.08+104.72j
1.0361,-102.59+104.72j
1.0354,-209.47+104.72j
1.0348,-128.37+104.72j
1.0341,-173.46+104.72j
1.0335,-145.95
1.0328,-174.21
1.0322,-119.12
1.0315,-117.25
1.0309,-180.88+104.72j
1.0302,-142.8
1.0296,-138.04
1.0289,-154.8
1.0283,-111.63
1.0276,-118.06
1.027,-126.19
1.0263,-111.25
1.0257,-112.89
1.0251,-106.47
1.0244,-109.72
1.0238,-97.197
1.0231,-103.01
1.0225,-91.372
1.0219,-94.072
1.0212,-94.844
1.0206,-93.757
1.02,-94.902
1.0193,-90.845
1.0187,-91.302
1.0181,-89.617
1.0174,-87.477
1.0168,-90.089
1.0162,-86.878
1.0155,-84.469
1.0149,-84.428
1.0143,-81.737
1.0137,-80.485
1.013,-76.729
1.0124,-75.454
1.0118,-75.596
1.0112,-74.397
1.0105,-74.227
1.0099,-74.132
1.0093,-72.363
1.0087,-71.302
1.0081,-70.707
1.0074,-68.206
1.0068,-67.644
1.0062,-66.42
1.0056,-66.583
1.005,-64.6
1.0043,-64.387
1.0037,-62.838
1.0031,-61.931
1.0025,-61.306
1.0019,-59.747
1.0013,-59.299
1.0007,-58.905
1.0001,-58.501
0.99945,-57.508
0.99885,-56.376
0.99824,-56.212
0.99763,-55.705
0.99702,-55.421
0.99642,-54.097
0.99581,-54.152
0.99521,-53.145
0.99461,-52.56
0.994,-52.335
0.9934,-51.601
0.9928,-51.485
0.9922,-50.787
0.9916,-50.473
0.991,-50.059
0.9904,-50.096
0.98981,-49.194
0.98921,-49.173
0.98861,-48.439
0.98802,-48.185
0.98742,-47.795
0.98683,-47.478
0.98624,-47.31
0.98564,-46.827
0.98505,-46.92
0.98446,-46.679
0.98387,-46.469
0.98328,-46.147
0.98269,-45.874
0.9821,-45.684
0.98151,-45.575
0.98093,-45.538
0.98034,-45.417
0.97976,-44.658
0.97917,-45.128
0.97859,-44.767
0.978,-44.695
0.97742,-44.833
0.97684,-44.158
0.97626,-43.971
0.97568,-44.299
0.9751,-44.205
0.97452,-44.062
0.97394,-43.87
0.97336,-43.938
0.97278,-43.843
0.97221,-43.838
0.97163,-43.783
0.97106,-43.619
0.97048,-43.819
0.96991,-44.085
0.96933,-43.702
0.96876,-43.772
0.96819,-43.951
0.96762,-43.827
0.96705,-44.117
0.96648,-43.907
0.96591,-44.083
0.96534,-44.272
0.96477,-44.232
0.96421,-44.339
0.96364,-44.269
0.96307,-44.324
0.96251,-44.503
0.96195,-44.793
0.96138,-44.547
0.96082,-44.838
0.96026,-45.054
0.95969,-44.916
0.95913,-45.207
0.95857,-45.449
0.95801,-45.625
0.95745,-45.7
0.95689,-45.406
0.95634,-45.547
0.95578,-45.93
0.95522,-45.906
0.95467,-46.231
0.95411,-45.942
0.95356,-45.936
0.953,-45.784
0.95245,-45.837
0.9519,-45.725
0.95135,-45.861
0.95079,-45.593
0.95024,-45.721
0.94969,-45.896
0.94914,-45.439
0.94859,-45.307
0.94805,-44.953
0.9475,-44.892
0.94695,-44.735
0.94641,-44.498
0.94586,-44.179
0.94531,-43.916
0.94477,-43.62
0.94423,-43.218
0.94368,-42.751
0.94314,-42.11
0.9426,-41.58
0.94206,-41.092
0.94152,-40.6
0.94098,-40.116
0.94044,-39.495
0.9399,-38.59
0.93936,-37.986
0.93882,-37.353
0.93829,-36.707
0.93775,-35.73
0.93721,-35.126
0.93668,-34.302
0.93614,-33.5
0.93561,-32.673
0.93508,-31.863
0.93454,-30.93
0.93401,-29.999
0.93348,-29.191
0.93295,-28.316
0.93242,-27.452
0.93189,-26.482
0.93136,-25.589
0.93083,-24.799
0.9303,-23.792
0.92978,-22.999
0.92925,-21.97
0.92872,-21.245
0.9282,-20.457
0.92767,-19.621
0.92715,-18.784
0.92663,-17.612
0.9261,-16.913
0.92558,-16.184
0.92506,-15.431
0.92454,-14.594
0.92402,-13.989
0.9235,-13.232
0.92298,-12.729
0.92246,-11.991
0.92194,-11.38
0.92142,-10.756
0.9209,-10.229
0.92039,-9.694
0.91987,-9.1561
0.91935,-8.7153
0.91884,-8.2776
0.91833,-7.7608
0.91781,-7.3684
0.9173,-6.9159
0.91679,-6.5535
0.91627,-6.147
0.91576,-5.8368
0.91525,-5.5832
0.91474,-5.2715
0.91423,-5.0058
0.91372,-4.7571
0.91321,-4.4946
0.91271,-4.3346
0.9122,-3.9234
0.91169,-3.8199
0.91118,-3.6492
0.91068,-3.4458
0.91017,-3.2726
0.90967,-3.2
0.90916,-3.0837
0.90866,-2.9739
0.90816,-2.6725
0.90766,-2.7032
0.90715,-2.5803
0.90665,-2.5303
0.90615,-2.3482
0.90565,-2.3697
0.90515,-2.2909
0.90465,-2.287
0.90415,-2.1914
0.90366,-2.1255
0.90316,-2.127
0.90266,-2.0361
0.90216,-1.9248
0.90167,-1.9837
0.90117,-1.8822
0.90068,-1.9316
0.90018,-1.8621
0.89969,-1.7804
0.8992,-1.7701
0.8987,-1.6935
0.89821,-1.6662
0.89772,-1.9401
0.89723,-1.7043
0.89674,-1.7664
0.89625,-1.665
0.89576,-1.6027
0.89527,-1.6292
0.89478,-1.581
0.89429,-1.6491
0.89381,-1.722
0.89332,-1.6032
0.89283,-1.7542
0.89235,-1.6591
0.89186,-1.6218
0.89138,-1.6513
0.8909,-1.7122
0.89041,-1.9216
0.88993,-1.6186
0.88945,-1.7228
0.88896,-1.9202
0.88848,-2.095
0.888,-1.6075
0.88752,-1.5176
0.88704,-1.8345
0.88656,-1.851
0.88608,-1.6991
0.8856,-1.6381
0.88513,-2.0392
0.88465,-1.8904
0.88417,-2.1123
0.8837,-1.8134
0.88322,-1.7104
0.88275,-1.4831
0.88227,-1.7026
0.8818,-1.2724
0.88132,-1.9708
0.88085,-1.4981
0.88038,-2.0257
0.8799,-1.8273
0.87943,-2.8792
0.87896,-1.5659
0.87849,-1.6082
0.87802,-2.0142
0.87755,-1.7108
0.87708,-2.0729
0.87661,-2.2742
0.87614,-2.1889
0.87568,-1.8629
0.87521,-2.5851
0.87474,-2.0589
0.87428,-0.93767
0.87381,-1.3925
0.87335,-2.4452
0.87288,-0.76758
0.87242,-2.4775
0.87195,-1.8613
0.87149,-1.5751
0.87103,-1.99
0.87056,-2.0507
0.8701,-2.3843
0.86964,-2.1842
0.86918,-1.3054
0.86872,-1.683
0.86826,-3.6174
0.8678,-1.7716
0.86734,-0.21894
0.86688,-2.6601
0.86643,-2.567
0.86597,-2.6254
0.86551,-2.3113
0.86506,-2.5574
0.8646,-2.0194
0.86414,-3.7275
0.86369,-3.1365
0.86323,-1.8035
0.86278,-2.8622
0.86233,-1.4133
0.86187,-1.462
0.86142,-2.8143
0.86097,-4.042
0.86052,-0.9275
0.86007,-4.0518
0.85962,-2.7371
0.85917,-3.1559
0.85872,-4.1351
0.85827,-3.4855
0.85782,-2.9465
0.85737,-3.9345
0.85692,-6.0711
0.85647,-4.4559
0.85603,-2.0678
0.85558,-1.7137
0.85513,-4.682
0.85469,-5.4605
0.85424,-3.3751
0.8538,-2.2913
0.85336,-1.4915
0.85291,-4.5236
0.85247,-3.3537
0.85203,-5.8749
0.85158,-3.0976
0.85114,-5.0421
0.8507,0.5308
0.85026,-3.1988
0.84982,-3.3907
0.84938,-4.0739
0.84894,-0.64832
0.8485,-7.5631
0.84806,-6.8974
0.84762,-1.4962
0.84719,-7.8916
0.84675,-6.3201
0.84631,-4.0366
0.84588,-2.2362
0.84544,-6.4469
0.845,-3.6071
0.84457,4.1916
0.84413,1.6493
0.8437,0.83967
0.84327,1.6932
0.84283,-6.0608
0.8424,-2.207
0.84197,-8.7752
0.84154,4.5646
0.8411,-8.3181
0.84067,-3.545
0.84024,-10.503
0.83981,-3.1158
0.83938,-7.669
0.83895,-8.4594
0.83852,-16.732
0.8381,1.5086
0.83767,-10.793
0.83724,-6.2825
0.83681,-11.546
0.83639,6.0429
0.83596,-6.986
0.83553,10.815
0.83511,-0.12845
0.83468,-18.891
0.83426,-8.2612
0.83384,-9.0423
0.83341,3.8399
0.83299,-17.703
0.83257,25.773
0.83214,-6.8513
0.83172,-33.04
0.8313,8.7938
0.83088,-17.293
0.83046,-26.825
0.83004,2.7338
0.82962,-1.8104
0.8292,-14.44
0.82878,-11.444
0.82836,41.45
0.82794,10.433
0.82753,-11.444
0.82711,-64.299
0.82669,-3.0096
0.82628,2.7338
0.82586,-6.6023
0.82544,-0.26144
0.82503,-36.62
0.82461,-29.677
0.8242,-42.698+104.72j
0.82379,-29.677
0.82337,-4.5012
0.82296,-1.1697
0.82255,-17.803
0.82213,-0.31596
0.82172,-42.698+104.72j
0.82131,7.4381
0.8209,64.864+104.72j
0.82049,-11.889
0.82008,46.21
0.81967,-10.665
0.81926,-87.969
0.81885,-48.575
0.81844,4.9844
0.81803,46.21
0.81763,-0.84393
0.81722,-36.62
0.81681,-15.452
0.81641,54.741+104.72j
0.816,-0.45978
0.81559,-6.0295
0.81519,-36.62
0.81478,-9.2904+104.72j
0.81438,-10.503
0.81398,-28.522
0.81357,12.65
0.81317,-27.71+104.72j
0.81277,-14.665
0.81236,-31.755
0.81196,-43.131
0.81156,-54.955
